lr0: 0.0103
lrf: 0.23452
momentum: 0.95215
weight_decay: 0.0005
warmup_epochs: 3.0
warmup_momentum: 0.81661
warmup_bias_lr: 0.08664
box: 0.04938
cls: 0.50498
cls_pw: 1.01749
obj: 1.00175
obj_pw: 1.22
iou_t: 0.2
anchor_t: 4.67
anchors: 3.1658
fl_gamma: 0.0
hsv_h: 0.01314
hsv_s: 0.86418
hsv_v: 0.35359
degrees: 0.0
translate: 0.10336
scale: 0.59209
shear: 0.0
perspective: 0.0
flipud: 0.0
fliplr: 0.5
mosaic: 0.95749
mixup: 0.0
